36,38
36,37
36,36
35,14
0,534
0,533
0,474
34,8
35,13
35,12
35,11
27,5
27,4
25,5
24,4
26,4
26,1
26,3
30,4
30,1
30,3
31,3
25,4
25,1
25,3
24,1
24,3
28,4
29,1
29,3
28,5
28,1
28,3
27,1
27,3
36,35
3,2
3,1
3,3
10,181
10,297
10,265
10,135
10,225
10,73
10,191
10,1
10,139
10,2
10,3
11,23
11,25
11,19
11,15
11,17
11,1
11,21
11,2
11,3
9,5
9,1
9,7
9,2
9,3
8,14
8,6
8,9
8,4
8,11
8,15
8,1
8,8
8,2
8,3
12,2
12,1
12,3
20,2
20,1
20,3
19,2
19,1
19,3
18,1
35,10
35,9
35,8
35,7
35,6
35,5
35,4
35,3
18,3
35,2
35,1
35,0
34,7
34,6
34,5
34,4
34,3
14,3
34,2
34,1
13,1
34,0
33,65
13,3
33,64
33,36
33,35
33,34
33,33
33,32
33,31
33,30
33,29
33,28
33,27
33,26
33,25
33,24
33,23
33,22
33,21
